8 0.2890625 0.19921875 0.048828125 0.0439453125
8 0.1044921875 0.173828125 0.033203125 0.037109375
8 0.076171875 0.1748046875 0.0302734375 0.056640625
8 0.1875 0.240234375 0.037109375 0.0302734375
8 0.197265625 0.21875 0.0234375 0.0283203125
8 0.173828125 0.220703125 0.02734375 0.0341796875
8 0.3798828125 0.2578125 0.0302734375 0.0283203125
8 0.2578125 0.25 0.017578125 0.0263671875
8 0.240234375 0.2548828125 0.025390625 0.0390625
8 0.3046875 0.2841796875 0.02734375 0.037109375
8 0.365234375 0.310546875 0.021484375 0.0283203125
8 0.4296875 0.298828125 0.029296875 0.0283203125
8 0.302734375 0.26953125 0.0185546875 0.0341796875
8 0.287109375 0.2734375 0.025390625 0.037109375