0 0.0947265625 0.3740234375 0.087890625 0.748046875
0 0.240234375 0.431640625 0.0625 0.55859375
0 0.30859375 0.5029296875 0.0390625 0.3798828125
0 0.34375 0.5419921875 0.0263671875 0.310546875
0 0.3681640625 0.5751953125 0.017578125 0.2314453125
0 0.9609375 0.4384765625 0.0712890625 0.5322265625
0 0.8095703125 0.4931640625 0.0439453125 0.361328125
0 0.732421875 0.5439453125 0.041015625 0.2490234375
0 0.6796875 0.5615234375 0.033203125 0.224609375
0 0.6494140625 0.5830078125 0.0224609375 0.197265625
0 0.62109375 0.603515625 0.0283203125 0.1591796875
0 0.6025390625 0.607421875 0.0205078125 0.1328125
0 0.3837890625 0.5751953125 0.021484375 0.197265625