8 0.080078125 0.2841796875 0.04296875 0.033203125
8 0.1181640625 0.2880859375 0.0439453125 0.0263671875
8 0.0615234375 0.388671875 0.025390625 0.021484375
8 0.0849609375 0.392578125 0.02734375 0.0166015625
8 0.0517578125 0.4326171875 0.017578125 0.0126953125
8 0.0673828125 0.43359375 0.0185546875 0.009765625
8 0.056640625 0.4580078125 0.0146484375 0.0087890625
8 0.0439453125 0.45703125 0.013671875 0.0107421875
8 0.0400390625 0.4755859375 0.0107421875 0.0087890625
8 0.0498046875 0.4765625 0.0126953125 0.0068359375
8 0.0361328125 0.48828125 0.0068359375 0.00390625