8 0.05078125 0.25 0.08203125 0.0234375
8 0.8212890625 0.341796875 0.037109375 0.0234375
8 0.80078125 0.0703125 0.0341796875 0.078125
8 0.615234375 0.0927734375 0.169921875 0.0556640625
8 0.408203125 0.33203125 0.0439453125 0.0302734375
8 0.376953125 0.1826171875 0.04296875 0.044921875
8 0.228515625 0.3232421875 0.0302734375 0.0166015625
8 0.2060546875 0.2392578125 0.0302734375 0.029296875
8 0.1181640625 0.2685546875 0.025390625 0.021484375
8 0.1376953125 0.3193359375 0.0224609375 0.0107421875
8 0.06640625 0.287109375 0.017578125 0.017578125
8 0.0810546875 0.32421875 0.021484375 0.009765625
8 0.0322265625 0.3017578125 0.0166015625 0.0146484375
8 0.044921875 0.3232421875 0.017578125 0.0126953125
8 0.0185546875 0.328125 0.017578125 0.0087890625