8 0.806640625 0.1943359375 0.0322265625 0.0205078125
8 0.771484375 0.109375 0.048828125 0.0732421875
8 0.4130859375 0.2724609375 0.0400390625 0.0224609375
8 0.3818359375 0.1845703125 0.041015625 0.041015625
8 0.2353515625 0.0068359375 0.115234375 0.01171875
8 0.033203125 0.2021484375 0.0576171875 0.0224609375
8 0.234375 0.3115234375 0.029296875 0.0185546875
8 0.2138671875 0.236328125 0.0302734375 0.0263671875
8 0.146484375 0.3369140625 0.0244140625 0.01171875
8 0.1298828125 0.2626953125 0.025390625 0.0263671875
8 0.0751953125 0.2783203125 0.0185546875 0.0224609375
8 0.0908203125 0.3505859375 0.025390625 0.0185546875
8 0.0537109375 0.36328125 0.0205078125 0.0166015625
8 0.0380859375 0.296875 0.017578125 0.025390625
8 0.0166015625 0.298828125 0.017578125 0.0185546875