8 0.513671875 0.1630859375 0.04296875 0.0537109375
8 0.548828125 0.2138671875 0.037109375 0.0234375
8 0.30859375 0.2666015625 0.0322265625 0.01953125
8 0.279296875 0.2236328125 0.0361328125 0.03125
8 0.1904296875 0.3076171875 0.02734375 0.0166015625
8 0.1689453125 0.2548828125 0.025390625 0.0234375
8 0.0859375 0.109375 0.0654296875 0.017578125
8 0.0302734375 0.0283203125 0.05859375 0.0478515625
8 0.1064453125 0.2763671875 0.0224609375 0.01953125
8 0.123046875 0.3271484375 0.0205078125 0.0146484375
8 0.080078125 0.34375 0.017578125 0.0126953125
8 0.0673828125 0.2880859375 0.0185546875 0.01953125
8 0.0498046875 0.35546875 0.01953125 0.01171875
8 0.0166015625 0.3095703125 0.0224609375 0.0224609375
8 0.0302734375 0.361328125 0.0146484375 0.0107421875
8 0.033203125 0.2353515625 0.037109375 0.015625