8 0.07421875 0.162109375 0.083984375 0.025390625
8 0.837890625 0.2783203125 0.0283203125 0.0224609375
8 0.814453125 0.0810546875 0.037109375 0.0830078125
8 0.41796875 0.279296875 0.0419921875 0.0244140625
8 0.3876953125 0.1826171875 0.0400390625 0.0380859375
8 0.212890625 0.228515625 0.0283203125 0.0283203125
8 0.2373046875 0.29296875 0.029296875 0.0185546875
8 0.123046875 0.2626953125 0.0234375 0.0234375
8 0.1435546875 0.294921875 0.0244140625 0.013671875
8 0.087890625 0.3056640625 0.0205078125 0.01171875
8 0.0712890625 0.28125 0.017578125 0.017578125